-200,0 -200,0 159
-200,0 -155,55555555555554 -62
-200,0 -111,11111111111111 141
-200,0 -66,66666666666669 16
-200,0 -22,22222222222223 -176
-200,0 22,22222222222223 121
-200,0 66,66666666666663 -130
-200,0 111,11111111111109 -5
-200,0 155,55555555555554 -158
-200,0 200,0 131
-155,55555555555554 -200,0 175
-155,55555555555554 -155,55555555555554 -76
-155,55555555555554 -111,11111111111111 25
-155,55555555555554 -66,66666666666669 -184
-155,55555555555554 -22,22222222222223 108
-155,55555555555554 22,22222222222223 72
-155,55555555555554 66,66666666666663 -139
-155,55555555555554 111,11111111111109 162
-155,55555555555554 155,55555555555554 165
-155,55555555555554 200,0 180
-111,11111111111111 -200,0 -122
-111,11111111111111 -155,55555555555554 -102
-111,11111111111111 -111,11111111111111 -112
-111,11111111111111 -66,66666666666669 -120
-111,11111111111111 -22,22222222222223 149
-111,11111111111111 22,22222222222223 -28
-111,11111111111111 66,66666666666663 172
-111,11111111111111 111,11111111111109 34
-111,11111111111111 155,55555555555554 54
-111,11111111111111 200,0 86
-66,66666666666669 -200,0 -96
-66,66666666666669 -155,55555555555554 26
-66,66666666666669 -111,11111111111111 -134
-66,66666666666669 -66,66666666666669 -3
-66,66666666666669 -22,22222222222223 78
-66,66666666666669 22,22222222222223 -63
-66,66666666666669 66,66666666666663 155
-66,66666666666669 111,11111111111109 -108
-66,66666666666669 155,55555555555554 -129
-66,66666666666669 200,0 11
-22,22222222222223 -200,0 155
-22,22222222222223 -155,55555555555554 -199
-22,22222222222223 -111,11111111111111 98
-22,22222222222223 -66,66666666666669 -158
-22,22222222222223 -22,22222222222223 151
-22,22222222222223 22,22222222222223 -88
-22,22222222222223 66,66666666666663 -10
-22,22222222222223 111,11111111111109 48
-22,22222222222223 155,55555555555554 -69
-22,22222222222223 200,0 -155
22,22222222222223 -200,0 149
22,22222222222223 -155,55555555555554 198
22,22222222222223 -111,11111111111111 -196
22,22222222222223 -66,66666666666669 72
22,22222222222223 -22,22222222222223 95
22,22222222222223 22,22222222222223 47
22,22222222222223 66,66666666666663 -87
22,22222222222223 111,11111111111109 -137
22,22222222222223 155,55555555555554 -72
22,22222222222223 200,0 -22
66,66666666666663 -200,0 -119
66,66666666666663 -155,55555555555554 -139
66,66666666666663 -111,11111111111111 159
66,66666666666663 -66,66666666666669 -68
66,66666666666663 -22,22222222222223 -80
66,66666666666663 22,22222222222223 -191
66,66666666666663 66,66666666666663 58
66,66666666666663 111,11111111111109 -190
66,66666666666663 155,55555555555554 -116
66,66666666666663 200,0 69
111,11111111111109 -200,0 143
111,11111111111109 -155,55555555555554 -88
111,11111111111109 -111,11111111111111 59
111,11111111111109 -66,66666666666669 137
111,11111111111109 -22,22222222222223 61
111,11111111111109 22,22222222222223 135
111,11111111111109 66,66666666666663 128
111,11111111111109 111,11111111111109 194
111,11111111111109 155,55555555555554 -156
111,11111111111109 200,0 117
155,55555555555554 -200,0 -100
155,55555555555554 -155,55555555555554 -144
155,55555555555554 -111,11111111111111 181
155,55555555555554 -66,66666666666669 197
155,55555555555554 -22,22222222222223 115
155,55555555555554 22,22222222222223 80
155,55555555555554 66,66666666666663 127
155,55555555555554 111,11111111111109 -85
155,55555555555554 155,55555555555554 -97
155,55555555555554 200,0 175
200,0 -200,0 70
200,0 -155,55555555555554 -121
200,0 -111,11111111111111 22
200,0 -66,66666666666669 -62
200,0 -22,22222222222223 3
200,0 22,22222222222223 -23
200,0 66,66666666666663 123
200,0 111,11111111111109 -176
200,0 155,55555555555554 -102
200,0 200,0 -123
