-100,0 -100,0 13
-100,0 -71,42857142857143 -1
-100,0 -42,857142857142854 44
-100,0 -14,285714285714278 29
-100,0 14,285714285714292 -98
-100,0 42,85714285714286 39
-100,0 71,42857142857144 6
-100,0 100,0 66
-71,42857142857143 -100,0 86
-71,42857142857143 -71,42857142857143 -20
-71,42857142857143 -42,857142857142854 -96
-71,42857142857143 -14,285714285714278 10
-71,42857142857143 14,285714285714292 69
-71,42857142857143 42,85714285714286 62
-71,42857142857143 71,42857142857144 -3
-71,42857142857143 100,0 22
-42,857142857142854 -100,0 -27
-42,857142857142854 -71,42857142857143 40
-42,857142857142854 -42,857142857142854 44
-42,857142857142854 -14,285714285714278 -33
-42,857142857142854 14,285714285714292 97
-42,857142857142854 42,85714285714286 -15
-42,857142857142854 71,42857142857144 7
-42,857142857142854 100,0 90
-14,285714285714278 -100,0 6
-14,285714285714278 -71,42857142857143 -29
-14,285714285714278 -42,857142857142854 -90
-14,285714285714278 -14,285714285714278 -21
-14,285714285714278 14,285714285714292 -6
-14,285714285714278 42,85714285714286 -69
-14,285714285714278 71,42857142857144 64
-14,285714285714278 100,0 -68
14,285714285714292 -100,0 56
14,285714285714292 -71,42857142857143 71
14,285714285714292 -42,857142857142854 -43
14,285714285714292 -14,285714285714278 52
14,285714285714292 14,285714285714292 0
14,285714285714292 42,85714285714286 11
14,285714285714292 71,42857142857144 -4
14,285714285714292 100,0 -40
42,85714285714286 -100,0 -88
42,85714285714286 -71,42857142857143 -80
42,85714285714286 -42,857142857142854 -39
42,85714285714286 -14,285714285714278 83
42,85714285714286 14,285714285714292 31
42,85714285714286 42,85714285714286 -26
42,85714285714286 71,42857142857144 55
42,85714285714286 100,0 -23
71,42857142857144 -100,0 38
71,42857142857144 -71,42857142857143 1
71,42857142857144 -42,857142857142854 -51
71,42857142857144 -14,285714285714278 27
71,42857142857144 14,285714285714292 -21
71,42857142857144 42,85714285714286 24
71,42857142857144 71,42857142857144 -4
71,42857142857144 100,0 81
100,0 -100,0 -21
100,0 -71,42857142857143 -15
100,0 -42,857142857142854 80
100,0 -14,285714285714278 -81
100,0 14,285714285714292 -87
100,0 42,85714285714286 -60
100,0 71,42857142857144 -31
100,0 100,0 -81
